# Transmittance function (TR)
# 1% CO2
# Wavenumber range: 4989.27-4993.26 cm-1, T: 293.15 K, P: 1 atm, step: 0.00714 cm-1, Profile: Voigt, Wing: 50 HW, Scut: 1e-28 cm/mol, l: 2 m
# Definition of TR in Eq (4) of https://hitran.iao.ru/home.sim-theory.sp-functions.
# WN,cm-1             TR          (FORMAT F12.6,3X,E17.10)

 4989.274920    9.9138407483E-01
 4989.282060    9.9140341858E-01
 4989.289200    9.9141733894E-01
 4989.296340    9.9142588773E-01
 4989.303480    9.9142910124E-01
 4989.310620    9.9142699395E-01
 4989.317760    9.9141955369E-01
 4989.324900    9.9140673858E-01
 4989.332040    9.9138847936E-01
 4989.339180    9.9136468712E-01
 4989.346320    9.9133526660E-01
 4989.353460    9.9130011475E-01
 4989.360600    9.9125915298E-01
 4989.367740    9.9121232391E-01
 4989.374880    9.9115960157E-01
 4989.382020    9.9110099125E-01
 4989.389160    9.9103651562E-01
 4989.396300    9.9096619751E-01
 4989.403440    9.9089000923E-01
 4989.410580    9.9080783855E-01
 4989.417720    9.9071945831E-01
 4989.424860    9.9062452180E-01
 4989.432000    9.9052258206E-01
 4989.439140    9.9041312960E-01
 4989.446280    9.9029562490E-01
 4989.453420    9.9016952173E-01
 4989.460560    9.9003427504E-01
 4989.467700    9.8988933661E-01
 4989.474840    9.8973414362E-01
 4989.481980    9.8956810427E-01
 4989.489120    9.8939058301E-01
 4989.496260    9.8920088654E-01
 4989.503400    9.8899825043E-01
 4989.510540    9.8878182624E-01
 4989.517680    9.8855066846E-01
 4989.524820    9.8830372098E-01
 4989.531960    9.8803980281E-01
 4989.539100    9.8775759328E-01
 4989.546240    9.8745561693E-01
 4989.553380    9.8713222954E-01
 4989.560520    9.8678560695E-01
 4989.567660    9.8641374032E-01
 4989.574800    9.8601447864E-01
 4989.581940    9.8558541042E-01
 4989.589080    9.8512411371E-01
 4989.596220    9.8462819473E-01
 4989.603360    9.8409536047E-01
 4989.610500    9.8352376529E-01
 4989.617640    9.8291230415E-01
 4989.624780    9.8226118338E-01
 4989.631920    9.8157245654E-01
 4989.639060    9.8085058118E-01
 4989.646200    9.8010263492E-01
 4989.653340    9.7933726679E-01
 4989.660480    9.7856531242E-01
 4989.667620    9.7779411039E-01
 4989.674760    9.7702671496E-01
 4989.681900    9.7625937838E-01
 4989.689040    9.7548127594E-01
 4989.696180    9.7467600940E-01
 4989.703320    9.7382444468E-01
 4989.710460    9.7290714877E-01
 4989.717600    9.7190613024E-01
 4989.724740    9.7080546028E-01
 4989.731880    9.6959106237E-01
 4989.739020    9.6825003302E-01
 4989.746160    9.6676983997E-01
 4989.753300    9.6513751245E-01
 4989.760440    9.6333892712E-01
 4989.767580    9.6135817695E-01
 4989.774720    9.5917701036E-01
 4989.781860    9.5677432629E-01
 4989.789000    9.5412571763E-01
 4989.796140    9.5120305912E-01
 4989.803280    9.4797413719E-01
 4989.810420    9.4440232252E-01
 4989.817560    9.4044629813E-01
 4989.824700    9.3605987842E-01
 4989.831840    9.3119198750E-01
 4989.838980    9.2578689547E-01
 4989.846120    9.1978488394E-01
 4989.853260    9.1312340590E-01
 4989.860400    9.0573900879E-01
 4989.867540    8.9757008182E-01
 4989.874680    8.8856067856E-01
 4989.881820    8.7866584548E-01
 4989.888960    8.6785961998E-01
 4989.896100    8.5614691326E-01
 4989.903240    8.4365992913E-01
 4989.910380    8.3036713496E-01
 4989.917520    8.1657763490E-01
 4989.924660    8.0265078716E-01
 4989.931800    7.8909279277E-01
 4989.938940    7.7654998666E-01
 4989.946080    7.6576686645E-01
 4989.953220    7.5750411233E-01
 4989.960360    7.5242262544E-01
 4989.967500    7.5097526739E-01
 4989.974640    7.5330185459E-01
 4989.981780    7.5920922020E-01
 4989.988920    7.6820248021E-01
 4989.996060    7.7959535789E-01
 4990.003200    7.9261952977E-01
 4990.010340    8.0653754228E-01
 4990.017480    8.2071140837E-01
 4990.024620    8.3464897299E-01
 4990.031760    8.4800285581E-01
 4990.038900    8.6054912939E-01
 4990.046040    8.7217131810E-01
 4990.053180    8.8282699053E-01
 4990.060320    8.9252554936E-01
 4990.067460    9.0130923948E-01
 4990.074600    9.0923873518E-01
 4990.081740    9.1638461488E-01
 4990.088880    9.2281886140E-01
 4990.096020    9.2861211647E-01
 4990.103160    9.3383101451E-01
 4990.110300    9.3853699940E-01
 4990.117440    9.4269087040E-01
 4990.124580    9.4653196354E-01
 4990.131720    9.5001081209E-01
 4990.138860    9.5316711201E-01
 4990.146000    9.5603598567E-01
 4990.153140    9.5864844495E-01
 4990.160280    9.6103184225E-01
 4990.167420    9.6321029592E-01
 4990.174560    9.6520506903E-01
 4990.181700    9.6703493248E-01
 4990.188840    9.6871646721E-01
 4990.195980    9.7026434127E-01
 4990.203120    9.7169155064E-01
 4990.210260    9.7300962886E-01
 4990.217400    9.7422882857E-01
 4990.224540    9.7535827829E-01
 4990.231680    9.7640611674E-01
 4990.238820    9.7737960837E-01
 4990.245960    9.7828524244E-01
 4990.253100    9.7912881919E-01
 4990.260240    9.7991552504E-01
 4990.267380    9.8065000158E-01
 4990.274520    9.8133641058E-01
 4990.281660    9.8197849247E-01
 4990.288800    9.8257961947E-01
 4990.295940    9.8314284120E-01
 4990.303080    9.8367090088E-01
 4990.310220    9.8416635506E-01
 4990.317360    9.8463146794E-01
 4990.324500    9.8506832181E-01
 4990.331640    9.8547881486E-01
 4990.338780    9.8586467919E-01
 4990.345920    9.8622749759E-01
 4990.353060    9.8656871964E-01
 4990.360200    9.8688967779E-01
 4990.367340    9.8719160318E-01
 4990.374480    9.8747564111E-01
 4990.381620    9.8774286452E-01
 4990.388760    9.8799428258E-01
 4990.395900    9.8823084081E-01
 4990.403040    9.8845341130E-01
 4990.410180    9.8866277395E-01
 4990.417320    9.8885959806E-01
 4990.424460    9.8904443469E-01
 4990.431600    9.8921772595E-01
 4990.438740    9.8937982765E-01
 4990.445880    9.8953103658E-01
 4990.453020    9.8967160375E-01
 4990.460160    9.8980179826E-01
 4990.467300    9.8992176054E-01
 4990.474440    9.9003168848E-01
 4990.481580    9.9013170965E-01
 4990.488720    9.9022190871E-01
 4990.495860    9.9030231476E-01
 4990.503000    9.9037289540E-01
 4990.510140    9.9043354948E-01
 4990.517280    9.9048409958E-01
 4990.524420    9.9052428408E-01
 4990.531560    9.9055375088E-01
 4990.538700    9.9057204173E-01
 4990.545840    9.9057859739E-01
 4990.552980    9.9057274695E-01
 4990.560120    9.9055371422E-01
 4990.567260    9.9052063529E-01
 4990.574400    9.9047259874E-01
 4990.581540    9.9040872200E-01
 4990.588680    9.9032828294E-01
 4990.595820    9.9023092987E-01
 4990.602960    9.9011699310E-01
 4990.610100    9.8998790807E-01
 4990.617240    9.8984672244E-01
 4990.624380    9.8969858538E-01
 4990.631520    9.8955100991E-01
 4990.638660    9.8941360441E-01
 4990.645800    9.8929696676E-01
 4990.652940    9.8921085127E-01
 4990.660080    9.8916177567E-01
 4990.667220    9.8915124584E-01
 4990.674360    9.8917487707E-01
 4990.681500    9.8922509120E-01
 4990.688640    9.8929091081E-01
 4990.695780    9.8936172530E-01
 4990.702920    9.8942849773E-01
 4990.710060    9.8948447810E-01
 4990.717200    9.8952520668E-01
 4990.724340    9.8954812115E-01
 4990.731480    9.8955203861E-01
 4990.738620    9.8953667404E-01
 4990.745760    9.8950226104E-01
 4990.752900    9.8944928238E-01
 4990.760040    9.8937829272E-01
 4990.767180    9.8928980931E-01
 4990.774320    9.8918424867E-01
 4990.781460    9.8906189257E-01
 4990.788600    9.8892287051E-01
 4990.795740    9.8876748115E-01
 4990.802880    9.8859488510E-01
 4990.810020    9.8840505793E-01
 4990.817160    9.8819748679E-01
 4990.824300    9.8797149325E-01
 4990.831440    9.8772622889E-01
 4990.838580    9.8746066882E-01
 4990.845720    9.8717332439E-01
 4990.852860    9.8686335152E-01
 4990.860000    9.8652886856E-01
 4990.867140    9.8616806674E-01
 4990.874280    9.8577893358E-01
 4990.881420    9.8535926790E-01
 4990.888560    9.8490671744E-01
 4990.895700    9.8441885425E-01
 4990.902840    9.8389330912E-01
 4990.909980    9.8332799359E-01
 4990.917120    9.8272143395E-01
 4990.924260    9.8207322987E-01
 4990.931400    9.8138459278E-01
 4990.938540    9.8065885469E-01
 4990.945680    9.7990166466E-01
 4990.952820    9.7912058502E-01
 4990.959960    9.7832345116E-01
 4990.967100    9.7751728552E-01
 4990.974240    9.7670404693E-01
 4990.981380    9.7587979855E-01
 4990.988520    9.7503406357E-01
 4990.995660    9.7415105939E-01
 4991.002800    9.7321213258E-01
 4991.009940    9.7219801561E-01
 4991.017080    9.7109034826E-01
 4991.024220    9.6987225431E-01
 4991.031360    9.6852813261E-01
 4991.038500    9.6704301996E-01
 4991.045640    9.6540181070E-01
 4991.052780    9.6358849588E-01
 4991.059920    9.6158548332E-01
 4991.067060    9.5937299999E-01
 4991.074200    9.5692855288E-01
 4991.081340    9.5422795031E-01
 4991.088480    9.5123867010E-01
 4991.095620    9.4792856716E-01
 4991.102760    9.4425921286E-01
 4991.109900    9.4018694151E-01
 4991.117040    9.3566241026E-01
 4991.124180    9.3063028425E-01
 4991.131320    9.2502916331E-01
 4991.138460    9.1879193140E-01
 4991.145600    9.1184840325E-01
 4991.152740    9.0412103112E-01
 4991.159880    8.9553836134E-01
 4991.167020    8.8603474681E-01
 4991.174160    8.7556146998E-01
 4991.181300    8.6410059069E-01
 4991.188440    8.5168399692E-01
 4991.195580    8.3850415892E-01
 4991.202720    8.2459541711E-01
 4991.209860    8.1038535443E-01
 4991.217000    7.9636420520E-01
 4991.224140    7.8317263573E-01
 4991.231280    7.7156818289E-01
 4991.238420    7.6234992970E-01
 4991.245560    7.5624303875E-01
 4991.252700    7.5378158351E-01
 4991.259840    7.5518849183E-01
 4991.266980    7.6033703182E-01
 4991.274120    7.6876794497E-01
 4991.281260    7.7979873036E-01
 4991.288400    7.9263768773E-01
 4991.295540    8.0650673645E-01
 4991.302680    8.2072819423E-01
 4991.309820    8.3476936884E-01
 4991.316960    8.4825071305E-01
 4991.324100    8.6093007751E-01
 4991.331240    8.7267596018E-01
 4991.338380    8.8343859116E-01
 4991.345520    8.9322425385E-01
 4991.352660    9.0199118032E-01
 4991.359800    9.0996761185E-01
 4991.366940    9.1714301347E-01
 4991.374080    9.2359203252E-01
 4991.381220    9.2938769949E-01
 4991.388360    9.3459889837E-01
 4991.395500    9.3928906811E-01
 4991.402640    9.4351569745E-01
 4991.409780    9.4733028692E-01
 4991.416920    9.5077870548E-01
 4991.424060    9.5390147740E-01
 4991.431200    9.5673435425E-01
 4991.438340    9.5930879025E-01
 4991.445480    9.6165242228E-01
 4991.452620    9.6378951604E-01
 4991.459760    9.6574137080E-01
 4991.466900    9.6752668044E-01
 4991.474040    9.6916185171E-01
 4991.481180    9.7066128243E-01
 4991.488320    9.7203760335E-01
 4991.495460    9.7330188787E-01
 4991.502600    9.7446383430E-01
 4991.509740    9.7553192568E-01
 4991.516880    9.7651357325E-01
 4991.524020    9.7741525077E-01
 4991.531160    9.7824262925E-01
 4991.538300    9.7900071791E-01
 4991.545440    9.7969406909E-01
 4991.552580    9.8032696378E-01
 4991.559720    9.8090373582E-01
 4991.566860    9.8142914275E-01
 4991.574000    9.8190880851E-01
 4991.581140    9.8234965880E-01
 4991.588280    9.8276019248E-01
 4991.595420    9.8315035272E-01
 4991.602560    9.8353074722E-01
 4991.609700    9.8391127011E-01
 4991.616840    9.8429924912E-01
 4991.623980    9.8469799087E-01
 4991.631120    9.8510636406E-01
 4991.638260    9.8551953664E-01
 4991.645400    9.8593073261E-01
 4991.652540    9.8633298113E-01
 4991.659680    9.8672039704E-01
 4991.666820    9.8708848703E-01
 4991.673960    9.8743542183E-01
 4991.681100    9.8775989197E-01
 4991.688240    9.8806194359E-01
 4991.695380    9.8834229710E-01
 4991.702520    9.8860205345E-01
 4991.709660    9.8884248693E-01
 4991.716800    9.8906491116E-01
 4991.723940    9.8927059886E-01
 4991.731080    9.8946073947E-01
 4991.738220    9.8963641489E-01
 4991.745360    9.8979859980E-01
 4991.752500    9.8994815948E-01
 4991.759640    9.9008585696E-01
 4991.766780    9.9021236084E-01
 4991.773920    9.9032825346E-01
 4991.781060    9.9043403881E-01
 4991.788200    9.9053014955E-01
 4991.795340    9.9061695333E-01
 4991.802480    9.9069475816E-01
 4991.809620    9.9076381703E-01
 4991.816760    9.9082433194E-01
 4991.823900    9.9087626441E-01
 4991.831040    9.9092010980E-01
 4991.838180    9.9095574466E-01
 4991.845320    9.9098319847E-01
 4991.852460    9.9100246266E-01
 4991.859600    9.9101348966E-01
 4991.866740    9.9101618883E-01
 4991.873880    9.9101041801E-01
 4991.881020    9.9099597040E-01
 4991.888160    9.9097255874E-01
 4991.895300    9.9093979588E-01
 4991.902440    9.9089717739E-01
 4991.909580    9.9084406858E-01
 4991.916720    9.9077969816E-01
 4991.923860    9.9070316588E-01
 4991.931000    9.9061346728E-01
 4991.938140    9.9050953926E-01
 4991.945280    9.9039033325E-01
 4991.952420    9.9025492776E-01
 4991.959560    9.9010270125E-01
 4991.966700    9.8993358820E-01
 4991.973840    9.8974843343E-01
 4991.980980    9.8954943167E-01
 4991.988120    9.8934057985E-01
 4991.995260    9.8912797795E-01
 4992.002400    9.8891972009E-01
 4992.009540    9.8872508874E-01
 4992.016680    9.8855303559E-01
 4992.023820    9.8841007650E-01
 4992.030960    9.8829848236E-01
 4992.038100    9.8821551418E-01
 4992.045240    9.8815411414E-01
 4992.052380    9.8810467417E-01
 4992.059520    9.8805718015E-01
 4992.066660    9.8800277074E-01
 4992.073800    9.8793459202E-01
 4992.080940    9.8784792592E-01
 4992.088080    9.8773988384E-01
 4992.095220    9.8760892262E-01
 4992.102360    9.8745439577E-01
 4992.109500    9.8727611363E-01
 4992.116640    9.8707536145E-01
 4992.123780    9.8684952253E-01
 4992.130920    9.8659969847E-01
 4992.138060    9.8632547742E-01
 4992.145200    9.8602611696E-01
 4992.152340    9.8570072552E-01
 4992.159480    9.8534807364E-01
 4992.166620    9.8496671929E-01
 4992.173760    9.8455499497E-01
 4992.180900    9.8411100972E-01
 4992.188040    9.8363264111E-01
 4992.195180    9.8311751783E-01
 4992.202320    9.8256299423E-01
 4992.209460    9.8196611809E-01
 4992.216600    9.8132359237E-01
 4992.223740    9.8063173116E-01
 4992.230880    9.7988640960E-01
 4992.238020    9.7908300689E-01
 4992.245160    9.7821634147E-01
 4992.252300    9.7728201665E-01
 4992.259440    9.7627064866E-01
 4992.266580    9.7517630970E-01
 4992.273720    9.7399071345E-01
 4992.280860    9.7270451147E-01
 4992.288000    9.7130714194E-01
 4992.295140    9.6978665477E-01
 4992.302280    9.6812950951E-01
 4992.309420    9.6632034212E-01
 4992.316560    9.6434169654E-01
 4992.323700    9.6217371704E-01
 4992.330840    9.5979379765E-01
 4992.337980    9.5717618604E-01
 4992.345120    9.5429154153E-01
 4992.352260    9.5110645069E-01
 4992.359400    9.4758291079E-01
 4992.366540    9.4367780245E-01
 4992.373680    9.3934238993E-01
 4992.380820    9.3452191525E-01
 4992.387960    9.2915539365E-01
 4992.395100    9.2317577959E-01
 4992.402240    9.1651076283E-01
 4992.409380    9.0908457751E-01
 4992.416520    9.0082137269E-01
 4992.423660    8.9165089057E-01
 4992.430800    8.8151740538E-01
 4992.437940    8.7039267308E-01
 4992.445080    8.5829594303E-01
 4992.452220    8.4531633468E-01
 4992.459360    8.3164337296E-01
 4992.466500    8.1759676037E-01
 4992.473640    8.0373732547E-01
 4992.480780    7.9051855565E-01
 4992.487920    7.7878902146E-01
 4992.495060    7.6936285835E-01
 4992.502200    7.6299209598E-01
 4992.509340    7.6024337807E-01
 4992.516480    7.6136963407E-01
 4992.523620    7.6626416999E-01
 4992.530760    7.7447447957E-01
 4992.537900    7.8531434329E-01
 4992.545040    7.9791600572E-01
 4992.552180    8.1162111919E-01
 4992.559320    8.2567832059E-01
 4992.566460    8.3954875984E-01
 4992.573600    8.5285048484E-01
 4992.580740    8.6534143230E-01
 4992.587880    8.7689192758E-01
 4992.595020    8.8745506653E-01
 4992.602160    8.9704035898E-01
 4992.609300    9.0569272390E-01
 4992.616440    9.1347699879E-01
 4992.623580    9.2046720649E-01
 4992.630720    9.2673953427E-01
 4992.637860    9.3236780709E-01
 4992.645000    9.3742190071E-01
 4992.652140    9.4196513985E-01
 4992.659280    9.4605525379E-01
 4992.666420    9.4974344918E-01
 4992.673560    9.5307525813E-01
 4992.680700    9.5609087519E-01
 4992.687840    9.5882567699E-01
 4992.694980    9.6131074626E-01
 4992.702120    9.6357337180E-01
 4992.709260    9.6563751003E-01
 4992.716400    9.6752420176E-01
 4992.723540    9.6925194304E-01
 4992.730680    9.7083701182E-01
 4992.737820    9.7229375374E-01
 4992.744960    9.7363483085E-01
 4992.752100    9.7487143751E-01
 4992.759240    9.7601348737E-01
 4992.766380    9.7706977512E-01
 4992.773520    9.7804811633E-01
 4992.780660    9.7895546976E-01
 4992.787800    9.7979803673E-01
 4992.794940    9.8058135946E-01
 4992.802080    9.8131039433E-01
 4992.809220    9.8198958112E-01
 4992.816360    9.8262290193E-01
 4992.823500    9.8321393240E-01
 4992.830640    9.8376588602E-01
 4992.837780    9.8428165269E-01
 4992.844920    9.8476383207E-01
 4992.852060    9.8521476249E-01
 4992.859200    9.8563654582E-01
 4992.866340    9.8603106888E-01
 4992.873480    9.8640002160E-01
 4992.880620    9.8674491240E-01
 4992.887760    9.8706708083E-01
 4992.894900    9.8736770790E-01
 4992.902040    9.8764782409E-01
 4992.909180    9.8790831536E-01
 4992.916320    9.8814992730E-01
 4992.923460    9.8837326778E-01
 4992.930600    9.8857880869E-01
 4992.937740    9.8876689807E-01
 4992.944880    9.8893772127E-01
 4992.952020    9.8909138753E-01
 4992.959160    9.8922783655E-01
 4992.966300    9.8934697782E-01
 4992.973440    9.8944867667E-01
 4992.980580    9.8953285987E-01
 4992.987720    9.8959965737E-01
 4992.994860    9.8964961370E-01
 4993.002000    9.8968397829E-01
 4993.009140    9.8970505988E-01
 4993.016280    9.8971658030E-01
 4993.023420    9.8972388739E-01
 4993.030560    9.8973381624E-01
 4993.037700    9.8975396855E-01
 4993.044840    9.8979146894E-01
 4993.051980    9.8985129027E-01
 4993.059120    9.8993495763E-01
 4993.066260    9.9004014528E-01
 4993.073400    9.9016140048E-01
 4993.080540    9.9029162052E-01
 4993.087680    9.9042365772E-01
 4993.094820    9.9055142040E-01
 4993.101960    9.9067040430E-01
 4993.109100    9.9077874664E-01
 4993.116240    9.9087278569E-01
 4993.123380    9.9095296258E-01
 4993.130520    9.9101931095E-01
 4993.137660    9.9107224903E-01
 4993.144800    9.9111238647E-01
 4993.151940    9.9114043705E-01
 4993.159080    9.9115713995E-01
 4993.166220    9.9116322936E-01
 4993.173360    9.9115941172E-01
 4993.180500    9.9114634090E-01
 4993.187640    9.9112458298E-01
 4993.194780    9.9109457682E-01
 4993.201920    9.9105659300E-01
 4993.209060    9.9101071866E-01
 4993.216200    9.9095686708E-01
 4993.223340    9.9089481330E-01
 4993.230480    9.9082426991E-01
 4993.237620    9.9074488737E-01
 4993.244760    9.9065631173E-01
 4993.251900    9.9055818842E-01
 4993.259040    9.9045016085E-01
